# Blender v2.77 (sub 0) OBJ File: 'Target.blend'
# www.blender.org
mtllib Target_2.mtl
o leg_L_Cube
v 0.390000 0.007594 -0.402958
v 0.390000 1.755139 0.569713
v 0.390000 0.104861 -0.577713
v 0.390000 1.852406 0.394958
v 0.590000 0.007594 -0.402958
v 0.590000 1.755139 0.569713
v 0.590000 0.104861 -0.577713
v 0.590000 1.852406 0.394958
vn -1.000000 0.000000 0.000000
vn 0.000000 0.486300 -0.873800
vn 1.000000 -0.000000 0.000000
vn 0.000000 -0.486300 0.873800
vn 0.000000 -0.873800 -0.486300
vn 0.000000 0.873800 0.486300
usemtl None
s off
f 2//1 4//1 3//1 1//1
f 4//2 8//2 7//2 3//2
f 8//3 6//3 5//3 7//3
f 6//4 2//4 1//4 5//4
f 1//5 3//5 7//5 5//5
f 6//6 8//6 4//6 2//6
o Cylinder
v 0.875239 2.300886 0.391846
v 0.875239 0.804306 -0.472205
v 0.875239 2.169148 0.620021
v 0.875239 0.672569 -0.244029
v -0.965691 2.300886 0.391846
v -0.965691 0.804306 -0.472205
v -0.965691 2.169148 0.620021
v -0.965691 0.672569 -0.244029
vn 0.000000 -0.866000 -0.500000
vn 1.000000 -0.000000 0.000000
vn 0.000000 0.500000 -0.866000
vn 0.000000 0.866000 0.500000
vn 0.000000 -0.500000 0.866000
vn -1.000000 -0.000000 0.000000
usemtl None
s off
f 16//7 14//7 10//7 12//7
f 9//8 11//8 12//8 10//8
f 13//9 9//9 10//9 14//9
f 11//10 9//10 13//10 15//10
f 11//11 15//11 16//11 12//11
f 15//12 13//12 14//12 16//12
o leg_R_Cube.001
v -0.590000 0.007594 -0.402958
v -0.590000 1.755139 0.569713
v -0.590000 0.104861 -0.577713
v -0.590000 1.852406 0.394958
v -0.390000 0.007594 -0.402958
v -0.390000 1.755139 0.569713
v -0.390000 0.104861 -0.577713
v -0.390000 1.852406 0.394958
vn -1.000000 -0.000000 0.000000
vn 0.000000 0.486300 -0.873800
vn 1.000000 0.000000 0.000000
vn 0.000000 -0.486300 0.873800
vn 0.000000 -0.873800 -0.486300
vn 0.000000 0.873800 0.486300
usemtl None
s off
f 18//13 20//13 19//13 17//13
f 20//14 24//14 23//14 19//14
f 24//15 22//15 21//15 23//15
f 22//16 18//16 17//16 21//16
f 17//17 19//17 23//17 21//17
f 22//18 24//18 20//18 18//18
o leg_B_Cube.002
v -0.085000 0.043561 1.214432
v -0.085000 1.892653 0.452292
v -0.085000 -0.032653 1.029523
v -0.085000 1.816439 0.267383
v 0.115000 0.043561 1.214432
v 0.115000 1.892653 0.452292
v 0.115000 -0.032653 1.029523
v 0.115000 1.816439 0.267383
vn -1.000000 0.000000 0.000000
vn 0.000000 -0.381100 -0.924500
vn 1.000000 0.000000 0.000000
vn 0.000000 0.381100 0.924500
vn 0.000000 -0.924500 0.381100
vn 0.000000 0.924500 -0.381100
usemtl None
s off
f 26//19 28//19 27//19 25//19
f 28//20 32//20 31//20 27//20
f 32//21 30//21 29//21 31//21
f 30//22 26//22 25//22 29//22
f 25//23 27//23 31//23 29//23
f 30//24 32//24 28//24 26//24
